20
39527 38179 294 327 1000000 12899 20050 56 52 99 46
39843 39881 20522 20114 3 11897 5279 74 89 96 58
490 844 318 332 275 241 434 79 99 34 80
6 10 3 2 2 0 0 5 4 3 2
4886 4367 95 87 1000000 3493 4363 2 66 19 64
14 15 12 4 4 3 5 84 74 53 68
35277 38250 2 199 1349 28136 16549 49 90 40 96
35510 11125 1346 1407 395 35248 9485 18 91 26 9
4 4 2 2 1 0 2 1 2 3 4
4 4 1 1 3 1 1 2 2 2 2
6503 8478 146 197 1000000 332 8138 33 8 90 43
5134 2621 141 183 1000000 2309 282 36 56 66 26
39353 39838 20565 20767 3 35517 37854 90 60 17 84
703 687 125 343 321 68 78 38 8 2 66
21995 37911 1150 1245 833 47 23529 19 74 87 95
196 827 117 730 108 131 477 41 72 11 66
9870 591 100 109 1000000 46 313 37 25 63 70
8497 2343 94 193 1000000 5999 1852 70 15 92 16
16 18 5 1 5 10 8 21 27 29 87
39954 39461 443 17 1000000 34349 36388 60 98 69 44
